step	t	dt	radius	area	distances	eccentricity	vacuole_num	vacuole_areas	Pmin	Pmax	Rmin	Rmax	Rtotal	Kp_step	Pavg	Ravg	f	t_sim
0	0.0	0.0001	3.9861604138372297	52	1.4142135623730951	0.0	0		0.10248781729797894	0.6353668748785254	1.3389670894271554e-55	2.496506467509056e-06	5.599295626524458e-05	1.0	0.12901616557260404	1.9804762216590978e-08	4.808497519435213	79.4
100	10.312022611848306	0.5	3.604999457773141	52	1.4142135623730951	0.0	0		0.11476835472137444	0.7039966303711231	5.768023979469285e-12	0.031123171457488562	1.0847738654623746	1.0	0.12901616557295628	0.00038368555434873037	0.8691354048521547	729.62
200	60.312022611848306	0.5	3.598191143000816	52	1.4142135623730951	0.0	0		0.11777934770627133	0.6990967561985602	6.04919761434585e-11	0.03082038133532725	1.0761728742660475	1.0	0.1290161655767715	0.0003806433755313925	0.8673165630906386	1584.98
300	110.3120226118483	0.5	3.6253476878116504	52	1.4142135623730951	0.0	0		0.11799154238955264	0.7000340601121318	6.103306877460965e-11	0.030917150202930677	1.0828072226478058	1.0	0.1290161655896767	0.00038298995090312916	0.8652871904755723	2478.8
400	160.3120226118483	0.5	3.665705306201067	52	1.4142135623730951	0.0	0		0.11792557888567665	0.7011652910180487	6.166084399892972e-11	0.031030341179663162	1.090441342450085	1.0	0.12901616560432247	0.0003856901463830908	0.8631232176137644	3303.48
500	210.3120226118483	0.5	3.7056234194118325	52	1.4142135623730951	0.0	0		0.11778774137539824	0.7023021196805895	6.230266508927603e-11	0.031144799446009137	1.0982427961685448	1.0	0.1290161656185768	0.00038844952802934515	0.8609118600134599	4232.49
600	260.3120226118483	0.5	3.7451160810840842	56	1.4142135623730951	2.3529775929995038e-05	0		0.11762482154077679	0.703401443273729	6.293969306259038e-11	0.03125673344084219	1.1059824791782416	1.0	0.12901616563248566	0.0003911870613167951	0.8586873348358672	5060.1
700	310.3120226118483	0.5	3.771214766726399	60	1.4142135623730951	0.0	0		0.1174547040480527	0.7044487956873409	6.356493751760423e-11	0.03136473743441295	1.1135667605633397	1.0	0.12901616564639767	0.0003938696289009042	0.8564693546851674	5953.91
800	360.3120226118483	0.5	3.829286502541491	60	1.4142135623730951	0.0	0		0.11728414504761699	0.7054396267307204	6.417560919381406e-11	0.03146825693685167	1.1209515786278812	1.0	0.12901616566047458	0.0003964816461176449	0.8542711748448583	6776.85
900	410.3120226118483	0.5	3.854815361961155	60	1.4142135623730951	0.0	0		0.11711590695091659	0.706373387571251	6.477050491146046e-11	0.031567091375801645	1.128113840662865	1.0	0.12901616567474727	0.0003990149450537438	0.8521028575094745	7581.88
1000	460.3120226118483	0.5	3.8864906303932436	60	1.4142135623730951	0.0	0		0.11695153706794688	0.70725125306735	6.534902280645707e-11	0.031661201547452715	1.1350403072792887	1.0	0.12901616568919186	0.0004014648429246403	0.8499726416730464	8326.42
1100	510.3120226118483	0.5	3.917909820963241	60	1.4142135623730951	0.0	0		0.11679163272159308	0.7080751896086438	6.591079882432255e-11	0.03175063081313848	1.1417230914007868	1.0	0.12901616570376065	0.00040382855006387613	0.8478874925651512	9154.19
1200	560.3120226118483	0.5	3.9490790458627996	60	1.4142135623730951	0.0	0		0.11663580304947561	0.7088475480136504	6.645558025205666e-11	0.031835470611239425	1.1481577416247783	1.0	0.12901616571840224	0.0004061044920060984	0.845853320970839	9961.66
1300	610.3120226118483	0.5	3.9800041778574418	64	1.4142135623730951	3.270667962477664e-05	0		0.11648445793316511	0.7095708667993088	6.698318665326047e-11	0.03191584350985779	1.1543423359300435	1.0	0.129016165733067	0.0004082919889305623	0.8438750812829291	10687.75
1400	660.3120226118483	0.5	4.010690863310959	68	1.4142135623730951	0.0	0		0.11633781626686511	0.7102477639984293	6.749350076016667e-11	0.031991893448003156	1.1602769722684587	1.0	0.12901616574770505	0.00041039107548294	0.8419568316862337	11498.1
1500	710.3120226118483	0.5	4.035072187352727	68	1.4142135623730951	0.0	0		0.11619539768719392	0.7108808699306222	6.79864612290383e-11	0.03206377917374145	1.165963420069117	1.0	0.129016165763413	0.0004124023775119953	0.8401017874957455	12278.48
1600	760.3120226118483	0.5	4.095390512245947	68	1.4142135623730951	0.0	0		0.11605785951073644	0.711472781754226	6.846207912396907e-11	0.03213166933036378	1.171404843951368	1.0	0.1290161657799459	0.0004143270143466209	0.8383123774058275	13087.76
1700	810.3120226118483	0.5	4.1073478822646665	68	1.4142135623730951	0.0	0		0.11592462237187098	0.7120260315920426	6.892044055745443e-11	0.03219573856853171	1.1766055662584392	1.0	0.12901616579631972	0.0004161665148037524	0.8365903048302931	13877.02
1800	860.3120226118483	0.5	4.131158794125909	68	1.4142135623730951	0.0	0		0.11579623532261593	0.7125430640972333	6.936166464481396e-11	0.03225616440861669	1.1815708574158967	1.0	0.12901616581248943	0.0004179227430379566	0.8349366132032575	14570.81
1900	910.3120226118483	0.5	4.184237957364374	68	1.4142135623730951	0.0	0		0.1156719379587257	0.7130262211560361	6.978593807505637e-11	0.03231312470866518	1.1863067493046722	1.0	0.12901616582843436	0.00041959783253129175	0.8333517533554966	15262.78
2000	960.3120226118483	0.5	4.195942142381456	70	1.4142135623730951	0.0018721844178006782	0		0.1155517382710224	0.7134777320952027	7.019349892606337e-11	0.0323667956414078	1.1908198699186692	1.0	0.12901616584620673	0.0004211941276115442	0.8318356513158972	15968.03
2100	1010.3120226118483	0.5	4.201782009017557	73	1.4142135623730951	0.00015163615851469767	0		0.11543596366847665	0.7138997081525581	7.05846313343312e-11	0.03241735010292557	1.1951172979889682	1.0	0.12901616586362216	0.00042271413203267183	0.8303877745792367	16721.41
2200	1060.3120226118483	0.5	4.230860432190153	76	1.4142135623730951	0.0	0		0.11532457819446558	0.7142941403009901	7.095965987882864e-11	0.03246495649105176	1.1992064364030237	1.0	0.12901616588064976	0.00042416046420305173	0.829007196263175	17426.37
2300	1110.3120226118483	0.5	4.248211949040053	76	1.4142135623730951	0.0	0		0.11521715759433376	0.7146628995439512	7.131894391133653e-11	0.03250977779036908	1.2030949028729325	1.0	0.12901616589726492	0.00042553581851474274	0.8276926555263922	18091.75
2400	1160.3120226118483	0.5	4.26549288258051	76	1.4142135623730951	0.0	0		0.11511368031961623	0.7150077391226054	7.166287202134212e-11	0.0325519709171524	1.2067904365797717	1.0	0.1290161659141536	0.0004268429323234983	0.826442613937094	18649.69
2500	1210.3120226118483	0.5	4.282704087204279	76	1.4142135623730951	0.0	0		0.11501418684813897	0.7153302980548449	7.199185675039715e-11	0.03259168627586025	1.2103008191482654	1.0	0.129016165931922	0.00042808455799743045	0.8252553072551797	19261.82
2600	1260.3120226118483	0.5	4.30554533770914	76	1.4142135623730951	0.0	0		0.11491838153070193	0.7156321056854861	7.230632964857491e-11	0.03262906749233977	1.2136338086341405	1.0	0.12901616594916623	0.00042926343956827407	0.8241287923978065	19742.75
2700	1310.3120226118483	0.5	4.32826605132978	76	1.4142135623730951	0.0	0		0.11482641213588789	0.7159145868196704	7.260673670746551e-11	0.03266425128511754	1.216797084842991	1.0	0.12901616596639667	0.0004303822933906176	0.8230609897914982	20183.21
2800	1360.3120226118483	0.5	4.350868116517184	76	1.4142135623730951	0.0	0		0.11473808552069932	0.7161790672237411	7.289194886721549e-11	0.0326973674479306	1.2197982047043894	1.0	0.12901616598452045	0.0004314437923576828	0.82204972081419	20633.09
2900	1410.3120226118483	0.5	4.384552759586924	76	1.4142135623730951	0.0	0		0.11465330114373198	0.7164267793629794	7.316314976822482e-11	0.0327285389223388	1.2226445665393797	1.0	0.12901616600203655	0.00043245055326270314	0.821092740615197	21099.65
3000	1460.3120226118483	0.5	4.395723612763101	77	1.4142135623730951	0.0002369532995263795	0		0.11457174738067555	0.7166588681226761	7.342190863263883e-11	0.03275788193536142	1.225343381837491	1.0	0.129016166018947	0.0004334051268164266	0.8201877668303562	21510.52
3100	1510.3120226118483	0.5	4.4179805834831365	77	1.4142135623730951	0.0002369532995263795	0		0.1144935207764437	0.7168763964791288	7.366866444376927e-11	0.03278550618852063	1.227901653603849	1.0	0.12901616603602206	0.00043430998998846785	0.8193325041110758	21928.89
3200	1560.3120226118483	0.5	4.434600004882157	79	1.4142135623730951	0.00022988504984092125	0		0.1144185669255594	0.7170803509790421	7.390384178623222e-11	0.03281151508213635	1.2303261601717943	1.0	0.12901616605369567	0.0004351675402818165	0.8185246649357285	22341.41
3300	1610.3120226118483	0.5	4.445645102952539	80	1.4142135623730951	0.0	0		0.11434676348602843	0.7172716470816362	7.412791222606e-11	0.032836005968312064	1.232623444234444	1.0	0.12901616607070346	0.00043598009185328944	0.8177619869792025	22741.96
3400	1660.3120226118483	0.5	4.4566628276816145	80	1.4142135623730951	0.0	0		0.11427785855566759	0.7174511341826776	7.434129466609716e-11	0.0328590704172865	1.2347998049996292	1.0	0.12901616608705757	0.000436749872738725	0.817042247629052	23139.32
3500	1710.3120226118483	0.5	4.4731385320409185	80	1.4142135623730951	0.0	0		0.1142119186585208	0.7176196004023692	7.454441895203699e-11	0.03288079449424141	1.2368612944562734	1.0	0.1290161661027675	0.00043747902353239706	0.8163632755860478	23449.67
3600	1760.3120226118483	0.5	4.49501220053603	80	1.4142135623730951	0.0	0		0.11414870629089859	0.7177777770950946	7.473770766540662e-11	0.03290125903985108	1.2388137160281663	1.0	0.1290161661194995	0.00043816959691085394	0.8157229601630546	23731.76
3700	1810.3120226118483	0.5	4.505909215811874	80	1.4142135623730951	0.0	0		0.11408825740798291	0.7179263430369486	7.492157476453768e-11	0.03292053994816627	1.240662625505641	1.0	0.1290161661357601	0.00043882355796245355	0.8151192582863371	24018.6
3800	1860.3120226118483	0.5	4.5113478529359154	80	1.4142135623730951	0.0	0		0.11403040024763761	0.718065928410148	7.509642449734185e-11	0.0329387084436478	1.2424133339283465	1.0	0.12901616615133665	0.00043944278520700224	0.8145501999043546	24305.41
3900	1910.3120226118483	0.5	4.516779941448861	80	1.4142135623730951	0.0	0		0.11397510886466701	0.7181971184365727	7.52626505374264e-11	0.032955831347668586	1.2440709117920807	1.0	0.12901616616624645	0.00044002907208371637	0.8140138916789771	24597.48
4000	1960.3120226118483	0.5	4.52220550488368	80	1.4142135623730951	0.0	0		0.11392214155667599	0.7183204567941661	7.542063531804042e-11	0.032971971338352356	1.2456401944902398	1.0	0.12901616618204995	0.00044058412887586766	0.8135085193785377	24890.48
4100	2010.3120226118483	0.5	4.538443278897404	80	1.4142135623730951	0.0	0		0.11387154144574232	0.7184364487343585	7.557074953419207e-11	0.03298718719816279	1.2471257885709677	1.0	0.12901616619754294	0.000441109584923943	0.8130323489854199	25192.52
4200	2060.312022611848	0.5	4.549236262714821	80	1.4142135623730951	0.0	0		0.11382317628867145	0.7185455640506396	7.57133517971024e-11	0.03300153405449491	1.2485320788044922	1.0	0.12901616621252956	0.00044160699112536823	0.8125837270507477	25473.98
4300	2110.312022611848	0.5	4.560003700892878	80	1.4142135623730951	0.0	0		0.11377699806132667	0.7186482397199363	7.584878841661005e-11	0.03301506360433016	1.2498632355605979	1.0	0.12901616622876416	0.0004420778225439273	0.8121610802100957	25772.43
4400	2160.312022611848	0.5	4.565377896871003	80	1.4142135623730951	0.0	0		0.11373286467666198	0.7187448824074825	7.597739328325077e-11	0.033027824329566025	1.2511232225947964	1.0	0.12901616624423293	0.00044252348116373804	0.8117629138609387	26090.69
4500	2210.312022611848	0.5	4.565377896871003	80	1.4142135623730951	0.0	0		0.11369073116378631	0.7188358707575065	7.609948785416327e-11	0.03303986170106323	1.2523158050667695	1.0	0.12901616625896667	0.00044294529872538306	0.8113878106350734	26394.54
4600	2260.312022611848	0.5	4.570745773976805	80	1.4142135623730951	0.0	0		0.11365047638512041	0.7189215574984097	7.621536856094975e-11	0.03305121836924941	1.2534445574906525	1.0	0.12901616627464435	0.00044334453953793286	0.811034428316081	26725.23
4700	2310.312022611848	0.5	4.581462660345365	80	1.4142135623730951	0.0	0		0.11361207586896593	0.7190022713570294	7.632535817696204e-11	0.03306193434546084	1.2545128720990086	1.0	0.12901616628984444	0.0004437224034372915	0.8107014973006864	27036.12
4800	2360.312022611848	0.5	4.581462660345365	81	1.4142135623730951	0.0005986420388941929	0		0.11357542604206791	0.7190783188971824	7.642972812834405e-11	0.03307204717054524	1.2555239664352098	1.0	0.1290161663060779	0.0004440800284716288	0.810387818163766	27357.41
4900	2410.312022611848	0.5	4.586811713730291	82	1.4142135623730951	0.0028565740002738783	0		0.11354050582873139	0.7191499861055363	7.652875131503472e-11	0.033081592073250544	1.2564808914793943	1.0	0.12901616632158244	0.0004444184937755396	0.8100922587049247	27673.51
5000	2460.312022611848	0.5	4.597491150114047	83	1.4142135623730951	0.0005057727390038541	0		0.11350712580473993	0.7192175399617143	7.662268904251421e-11	0.03309060212116026	1.2573865393786585	1.0	0.12901616633669297	0.0004447388223042194	0.8098137512025493	28001.36
5100	2510.312022611848	0.5	4.608145836830461	84	1.4142135623730951	5.9114964047851065e-06	0		0.1134753142289629	0.7192812297818341	7.671179131039636e-11	0.033099108357759935	1.258243650884343	1.0	0.12901616635251617	0.0004450419834640406	0.8095512894604576	28314.4
5200	2560.312022611848	0.5	4.608145836830461	85	1.4142135623730951	0.0005203941302498079	0		0.11344500421811164	0.719341288534809	7.679629711587801e-11	0.03310713993410753	1.2590548227077207	1.0	0.12901616636754487	0.0004453288957142653	0.809303925762281	28621.95
5300	2610.312022611848	0.5	4.608145836830461	86	1.4142135623730951	0.0025527893972819814	0		0.11341609486812038	0.7193979340164878	7.687643478487311e-11	0.0331147242304998	1.2598225145812874	1.0	0.1290161663825727	0.00044560042906463125	0.8090707680729169	28945.69
5400	2660.312022611848	0.5	4.613463952663958	86	1.4142135623730951	0.0025527893972819814	0		0.1133885384007863	0.7194513699141086	7.695242230941124e-11	0.033121886968934075	1.2605490560140231	1.0	0.12901616639785696	0.00044585740746469406	0.8088509770898589	29264.97
5500	2710.312022611848	0.5	4.618775945198806	88	1.4142135623730951	0.0	0		0.11336228641338736	0.7195017868434588	7.702446768974203e-11	0.03312865232091833	1.2612366529067554	1.0	0.12901616641236321	0.0004461006111436876	0.8086437633922849	29593.09
5600	2760.312022611848	0.5	4.624081835460385	88	1.4142135623730951	0.0	0		0.11333727888759663	0.7195493632572916	7.709276928984991e-11	0.03313504300586332	1.2618873938053612	1.0	0.12901616642654237	0.00044633077882228714	0.8084483847802921	29905.77
5700	2810.312022611848	0.5	4.6293816444627405	88	1.4142135623730951	0.0	0		0.11331345385828416	0.7195942662838309	7.715751618995155e-11	0.03314108038288242	1.2625032558890696	1.0	0.12901616644134073	0.00044654860983067837	0.8082641436083154	30219.07
5800	2860.312022611848	0.5	4.639963102082457	88	1.4142135623730951	0.0	0		0.11329074886875855	0.7196366525372646	7.721888853390679e-11	0.03314678453811102	1.2630861107653373	1.0	0.12901616645537767	0.0004467547661582096	0.8080903841588017	30542.39
5900	2910.312022611848	0.5	4.661053952155653	88	1.4142135623730951	0.0	0		0.11326913730847639	0.7196766688366041	7.727705788316448e-11	0.03315217436502245	1.2636377299552382	1.0	0.12901616646922057	0.0004469498743935802	0.8079264903150752	30855.0
6000	2960.312022611848	0.5	4.671563670022822	88	1.4142135623730951	0.0	0		0.11324855047974171	0.7197144528590262	7.733217811796678e-11	0.03315726763801731	1.264159790003509	1.0	0.1290161664836786	0.00044713452753226805	0.8077718832043582	31167.53
6100	3010.312022611848	0.5	4.671563670022822	88	1.4142135623730951	0.0	0		0.11322895430133513	0.7197501337854444	7.738442404642429e-11	0.0331620810861924	1.2646538778622143	1.0	0.1290161664973849	0.00044730928688073695	0.8076260188767219	31469.39
6200	3060.312022611848	0.5	4.671563670022822	88	1.4142135623730951	0.0	0		0.11321029437833029	0.7197838328648193	7.743393355686453e-11	0.033166630454621863	1.2651214950928966	1.0	0.12901616651192072	0.00044747468354274157	0.8074883863829367	31770.04
6300	3110.312022611848	0.5	4.6768096724199975	88	1.4142135623730951	0.0	0		0.11319254239463573	0.7198156639276737	7.748084726380222e-11	0.03317093056707959	1.2655640626971394	1.0	0.12901616652598275	0.00044763122012790195	0.8073585056047519	32075.0
6400	3160.312022611848	0.5	4.6768096724199975	88	1.4142135623730951	0.0	0		0.11317563962615572	0.7198457339057424	7.752529885410054e-11	0.0331749953838279	1.265982925371506	1.0	0.12901616653930817	0.00044777937225667935	0.8072359254649482	32391.89
6500	3210.312022611848	0.5	4.682049796951197	88	1.4142135623730951	0.0	0		0.11315956533114871	0.7198741432707555	7.756741539599488e-11	0.033178838054025654	1.266379355540018	1.0	0.1290161665520227	0.0004479195899866679	0.8071202221365701	32682.76
6600	3260.312022611848	0.5	4.682049796951197	88	1.4142135623730951	0.0	0		0.11314425744814999	0.7199009864601675	7.760731763670173e-11	0.033182470965739105	1.2667545572246761	1.0	0.1290161665657056	0.0004480522991816016	0.8070109973896837	32998.99
6700	3310.312022611848	0.5	4.687284063316783	88	1.4142135623730951	0.0	0		0.113129695407334	0.7199263522605039	7.764512028709534e-11	0.0331859057917223	1.2671096696799107	1.0	0.1290161665786685	0.00044817790279686273	0.8069078768953075	33290.5
6800	3360.312022611848	0.5	4.697735099854251	88	1.4142135623730951	0.0	0		0.11311584270896775	0.719950324188832	7.768093230174522e-11	0.03318915353409216	1.2674457709178062	1.0	0.12901616659111187	0.0004482967821263571	0.8068105088594394	33593.9
6900	3410.312022611848	0.5	4.697735099854251	88	1.4142135623730951	0.0	0		0.1131026709914688	0.7199729808164738	7.771485714865077e-11	0.03319222456409616	1.267763880957752	1.0	0.12901616660451037	0.00044840929795191903	0.8067185626188949	33874.89
7000	3460.312022611848	0.5	4.697735099854251	88	1.4142135623730951	0.0	0		0.11309014488107952	0.719994396083104	7.774699306313223e-11	0.03319512865995962	1.2680649649390872	1.0	0.12901616661720208	0.0004485157916442563	0.8066317272189146	34113.44
7100	3510.312022611848	0.5	4.702951908908122	88	1.4142135623730951	0.0	0		0.11307822173561491	0.7200146396005531	7.777743329807217e-11	0.03319787504329036	1.268349936111494	1.0	0.12901616662962098	0.00044861658622065567	0.806549710307866	34348.45
7200	3560.312022611848	0.5	4.702951908908122	88	1.4142135623730951	0.0	0		0.11306689368016565	0.7200337769087792	7.780626636404642e-11	0.033200472411374284	1.2686196585857188	1.0	0.12901616664268123	0.0004487119873179149	0.8064722369520995	34575.03
7300	3610.312022611848	0.5	4.702951908908122	88	1.4142135623730951	0.0	0		0.11305611561322974	0.7200518697417237	7.783357625288385e-11	0.03320292896891099	1.268874950003179	1.0	0.1290161666551893	0.0004488022841365859	0.8063990484858246	34821.27
7400	3660.312022611848	0.5	4.708162937558553	88	1.4142135623730951	0.0	0		0.11304586834473868	0.7200689762578385	7.785943647744608e-11	0.033205252457085666	1.2691165839554195	1.0	0.12901616666858104	0.00044888775029673845	0.8063299016269208	35064.58
7500	3710.312022611848	0.5	4.708162937558553	88	1.4142135623730951	0.0	0		0.11303612443266228	0.7200851512561183	7.788393457779754e-11	0.033207450180675176	1.2693452926895952	1.0	0.12901616668126656	0.0004489686447948919	0.8062645673506258	35294.62
7600	3760.312022611848	0.5	4.713368204977295	88	1.4142135623730951	0.0	0		0.11302686529238226	0.7201004463931072	7.790713731491256e-11	0.03320952903410075	1.2695617688438074	1.0	0.12901616669425262	0.00044904521261780565	0.806202830197892	35531.69
7700	3810.312022611848	0.5	4.713368204977295	88	1.4142135623730951	0.0	0		0.11301806218152041	0.7201149103588599	7.792911191013808e-11	0.0332114955247342	1.269766667890714	1.0	0.12901616670706065	0.0004491176856067861	0.8061444873105287	35757.8
7800	3860.312022611848	0.5	4.713368204977295	88	1.4142135623730951	0.0	0		0.11300969190324323	0.7201285890688062	7.794992287786724e-11	0.03321335579615614	1.2699606100923237	1.0	0.1290161667191933	0.0004491862831490992	0.8060893476920765	35986.07
7900	3910.312022611848	0.5	4.713368204977295	88	1.4142135623730951	0.0	0		0.11300174299566777	0.7201415258267064	7.796963139710694e-11	0.03321511564908672	1.2701441823909512	1.0	0.12901616673121685	0.00044925121284680345	0.8060372315086198	36222.79
8000	3960.312022611848	0.5	4.718567730230526	88	1.4142135623730951	0.0	0		0.1129941817900926	0.7201537614761574	7.798829547826201e-11	0.033216780560816575	1.2703179401833948	1.0	0.1290161667432877	0.000449312671144278	0.8059879693766017	36446.8
8100	4010.312022611848	0.5	4.718567730230526	88	1.4142135623730951	0.0	0		0.11298699929545232	0.720165334552801	7.80059701177383e-11	0.03321835570429014	1.2704824090439355	1.0	0.12901616675472213	0.0004493708439376488	0.805941401709698	36682.5
8200	4060.312022611848	0.5	4.718567730230526	88	1.4142135623730951	0.0	0		0.11298016752981496	0.7201762814193489	7.802270745443041e-11	0.033219845965480894	1.2706380863303537	1.0	0.12901616676555194	0.00044942590714283897	0.8058973781607698	36909.93
8300	4110.312022611848	0.5	4.718567730230526	88	1.4142135623730951	0.0	0		0.11297368106227743	0.7201866363950277	7.803855691354481e-11	0.0332212559599334	1.2707854427083838	1.0	0.1290161667765298	0.0004494780272347691	0.8058557570628634	37128.89
8400	4160.312022611848	0.5	4.718567730230526	88	1.4142135623730951	0.0	0		0.11296751796325187	0.7201964318699623	7.805356534447302e-11	0.03322259004770493	1.2709249235625952	1.0	0.12901616678741215	0.0004495273617463876	0.8058164048706091	37353.8
8500	4210.312022611848	0.5	4.718567730230526	88	1.4142135623730951	0.0	0		0.11296166091264018	0.7202056984236151	7.80677771480829e-11	0.033223852348467114	1.2710569503898868	1.0	0.12901616679783254	0.000449574059761551	0.8057791956845243	37581.09
8600	4260.312022611848	0.5	4.7237615322907365	88	1.4142135623730951	0.0	0		0.11295609887733501	0.7202144649317763	7.808123440792248e-11	0.033225046755079035	1.271181922083852	1.0	0.12901616680880826	0.00044961826236930525	0.8057440108305329	37821.39
8700	4310.312022611848	0.5	4.7237615322907365	88	1.4142135623730951	0.0	0		0.1129508104962351	0.7202227586550086	7.80939770034035e-11	0.03322617694584969	1.2713002161184692	1.0	0.129016166819204	0.00044966010308255736	0.8057107383508152	38046.39
8800	4360.312022611848	0.5	4.7237615322907365	88	1.4142135623730951	0.0	0		0.11294578884268053	0.7202306053440344	7.810604272485922e-11	0.03322724639750375	1.2714121897511763	1.0	0.12901616682952616	0.00044969970826360523	0.8056792726833732	38283.08
8900	4410.312022611848	0.5	4.7237615322907365	88	1.4142135623730951	0.0	0		0.11294101730277607	0.7202380293201982	7.811746252087428e-11	0.03322825839578905	1.2715181809835154	1.0	0.12901616684012848	0.0004497371974639178	0.8056495142617792	38506.98
9000	4460.312022611848	0.5	4.7237615322907365	88	1.4142135623730951	0.0	0		0.11293648378867353	0.720245053556393	7.812828030559089e-11	0.033229216046664296	1.2716185099619999	1.0	0.12901616685016895	0.00044977268391962317	0.8056213690856115	38730.3
9100	4510.312022611848	0.5	4.7237615322907365	88	1.4142135623730951	0.0	0		0.1129321805270713	0.7202516997591311	7.81385230907637e-11	0.03323012228623742	1.271713479424237	1.0	0.12901616686028453	0.0004498062747093028	0.8055947485235204	38960.56
9200	4560.312022611848	0.5	4.7237615322907365	88	1.4142135623730951	0.0	0		0.11292809256152554	0.720257988435609	7.81482213372204e-11	0.033230979890061844	1.271803375963126	1.0	0.12901616687058817	0.00044983807120113926	0.8055695689102514	39179.04
9300	4610.312022611848	0.5	4.7237615322907365	88	1.4142135623730951	0.0	0		0.11292420946781308	0.720263938964684	7.815740389864927e-11	0.03323179148231008	1.271888470816967	1.0	0.12901616688052822	0.0004498681693323791	0.8055457512619209	39395.64
9400	4660.312022611848	0.5	4.7237615322907365	88	1.4142135623730951	0.0	0		0.11292052082599321	0.7202695696595777	7.816609811331282e-11	0.033232559544252145	1.27196902071087	1.0	0.1290161668911366	0.0004498966599069393	0.8055232210527901	39615.53
9500	4710.312022611848	0.5	4.7237615322907365	88	1.4142135623730951	0.0	0		0.11291701738361899	0.7202748978267841	7.81743298763136e-11	0.03323328642176477	1.2720452685944392	1.0	0.12901616690118134	0.0004499236288563274	0.8055019078754965	39839.54
9600	4760.312022611848	0.5	4.7237615322907365	88	1.4142135623730951	0.0	0		0.11291369225328328	0.7202799398258135	7.818212371730378e-11	0.033233974333357875	1.2721174444264218	1.0	0.12901616691069234	0.0004499491575171723	0.8054817452745306	40058.12
9700	4810.312022611848	0.5	4.7237615322907365	88	1.4142135623730951	0.0	0		0.11291053028875737	0.7202847111233833	7.818950287445772e-11	0.03323462537723065	1.2721857658708446	1.0	0.1290161669211246	0.0004499733228774486	0.8054626705243424	40285.1
9800	4860.312022611848	0.5	4.7237615322907365	88	1.4142135623730951	0.0	0		0.1129075315422501	0.7202892263341613	7.81964893573999e-11	0.03323524153712094	1.272250438902023	1.0	0.12901616693107748	0.0004499961977904689	0.8054446243260573	40509.95
9900	4910.312022611848	0.5	4.7237615322907365	88	1.4142135623730951	0.0	0		0.11290468413309543	0.7202934992803155	7.820310401156862e-11	0.03323582468961313	1.2723116584972054	1.0	0.1290161669408749	0.0004500178512198724	0.8054275507030056	40727.02
10000	4960.312022611848	0.5	4.734132042078757	88	1.4142135623730951	0.0	0		0.11290197992842166	0.7202975430282011	7.820936658476338e-11	0.033236376609471936	1.272369609200327	1.0	0.12901616695124254	0.0004500383484390256	0.8054113967866333	40948.46
10100	5010.312022611848	0.5	4.734132042078757	88	1.4142135623730951	0.0	0		0.11289941041587659	0.7203013699318672	7.82152957764967e-11	0.033236898975229155	1.2724244656609418	1.0	0.1290161669610597	0.00045005775122164307	0.8053961125916463	41165.63
10200	5060.312022611848	0.5	4.734132042078757	88	1.4142135623730951	0.0	0		0.11289697083672404	0.7203049916753834	7.822090929813434e-11	0.03323739337484488	1.272476393206922	1.0	0.12901616697081858	0.0004500761180443512	0.8053816509225137	41384.59
10300	5110.312022611848	0.5	4.734132042078757	88	1.4142135623730951	0.0	0		0.11289465597079562	0.7203084193054057	7.822622392685205e-11	0.03323786131026561	1.2725255483181042	1.0	0.12901616698093538	0.000450093504254218	0.8053679671827482	41623.18
10400	5160.312022611848	0.5	4.734132042078757	88	1.4142135623730951	0.0	0		0.1128924561834205	0.7203116632688761	7.823125554682144e-11	0.033238304202204264	1.2725720790890085	1.0	0.1290161669905284	0.0004501099622324171	0.8053550192021942	41840.0
10500	5210.312022611848	0.5	4.734132042078757	88	1.4142135623730951	0.0	0		0.11289036961810714	0.7203147334503486	7.823601640739786e-11	0.033238723395530904	1.2726161256517978	1.0	0.12901616700101243	0.00045012554154382845	0.8053427671844158	42060.99
10600	5260.312022611848	0.5	4.734132042078757	88	1.4142135623730951	0.0	0		0.1128883889708716	0.7203176391896655	7.824052649916918e-11	0.0332391201604986	1.2726578208305173	1.0	0.12901616701094046	0.0004501402891684441	0.8053311734230402	42279.31
10700	5310.312022611848	0.5	4.734132042078757	88	1.4142135623730951	0.0	0		0.11288650880048585	0.7203203893299035	7.824479635903187e-11	0.03323949570080479	1.2726972901505358	1.0	0.12901616702084415	0.00045015424950470696	0.8053202023509067	42495.72
10800	5360.312022611848	0.5	4.739308787252097	88	1.4142135623730951	0.0	0		0.11288472241023396	0.720322992228657	7.82488387672406e-11	0.03323985115453988	1.272734652497002	1.0	0.12901616703098637	0.00045016746460240805	0.8053098203293034	42713.13
10900	5410.312022611848	0.5	4.739308787252097	88	1.4142135623730951	0.0	0		0.11288302647749436	0.7203254557949037	7.825266582100819e-11	0.033240187598450155	1.272770020383707	1.0	0.12901616704059	0.0004501799742577829	0.8052999955373144	42911.12
11000	5460.312022611848	0.5	4.739308787252097	88	1.4142135623730951	0.0	0		0.1128814180818669	0.7203277875130127	7.825628897832765e-11	0.03324050605159249	1.2728035003355245	1.0	0.1290161670503671	0.0004501918161487812	0.8052906979190166	43051.91
11100	5510.312022611848	0.5	4.739308787252097	88	1.4142135623730951	0.0	0		0.11287988926394955	0.7203299944555708	7.825971909100851e-11	0.03324080747783168	1.2728351931674025	1.0	0.1290161670601064	0.0004502030259337467	0.8052818990388759	43173.83
11200	5560.312022611848	0.5	4.739308787252097	88	1.4142135623730951	0.0	0		0.11287844000365276	0.7203320833206949	7.82629664301859e-11	0.03324109278931631	1.2728651943023097	1.0	0.12901616706939198	0.0004502136373638746	0.8052735720063465	43296.74
11300	5610.312022611848	0.5	4.739308787252097	88	1.4142135623730951	0.0	0		0.11287706464201411	0.720334060440955	7.826604072609397e-11	0.03324136284934552	1.2728935940910393	1.0	0.12901616707937405	0.0004502236823963271	0.8052656914236774	43433.05
11400	5660.312022611848	0.5	4.739308787252097	88	1.4142135623730951	0.0	0		0.1128757587406025	0.7203359318078301	7.826895118935185e-11	0.03324161847437234	1.2729204780176837	1.0	0.12901616708882488	0.0004502331912669093	0.8052582332269647	43552.05
11500	5710.312022611848	0.5	4.739308787252097	88	1.4142135623730951	0.0	0		0.11287451763086204	0.7203377030927424	7.82717065407139e-11	0.033241860437294934	1.2729459270202543	1.0	0.12901616709781122	0.0004502421926034734	0.8052511746835027	43639.5
11600	5760.312022611848	0.5	4.739308787252097	88	1.4142135623730951	0.0	0		0.11287334085958654	0.72033937966037	7.827431504115233e-11	0.03324208946969216	1.272970017731806	1.0	0.129016167107528	0.0004502507135112041	0.8052444943161592	43713.25
11700	5810.312022611848	0.5	4.739308787252097	88	1.4142135623730951	0.0	0		0.11287222405126018	0.7203409665837125	7.827678450955835e-11	0.03324230626329403	1.2729928226492389	1.0	0.12901616711672828	0.00045025877963232456	0.8052381717645402	43775.34
11800	5860.312022611848	0.5	4.739308787252097	88	1.4142135623730951	0.0	0		0.11287116346512621	0.7203424686683757	7.827912234849829e-11	0.03324251147314392	1.2730144104204055	1.0	0.12901616712553357	0.0004502664152476458	0.8052321877972238	43859.49
11900	5910.312022611848	0.5	4.739308787252097	88	1.4142135623730951	0.0	0		0.11287015804536223	0.7203438904562125	7.82813355708153e-11	0.03324270571911938	1.2730348460419985	1.0	0.1290161671350877	0.0004502736433465602	0.8052265242435106	43931.02
12000	5960.312022611848	0.5	4.739308787252097	88	1.4142135623730951	0.0	0		0.11286920372073812	0.7203452362474508	7.828342945633792e-11	0.033242889588799306	1.2730541909110817	1.0	0.12901616714413314	0.00045028048564526815	0.8052211638836928	44006.44
12100	6010.312022611848	0.5	4.739308787252097	88	1.4142135623730951	0.0	0		0.11286829817222666	0.7203465101149937	7.828541235736165e-11	0.033243063634950255	1.2730725034498112	1.0	0.12901616715360872	0.00045028696280774194	0.8052160904271599	44081.5
12200	6060.312022611848	0.5	4.739308787252097	88	1.4142135623730951	0.0	0		0.11286743716255458	0.7203477159026004	7.828729026627202e-11	0.03324322838396219	1.2730898386700211	1.0	0.12901616716296094	0.00045029309429172015	0.8052112884770198	44158.93
12300	6110.312022611848	0.5	4.739308787252097	88	1.4142135623730951	0.0	0		0.11286662163442177	0.7203488572561554	7.828906805649342e-11	0.03324338433299261	1.2731062487339755	1.0	0.12901616717181524	0.0004502988985470453	0.8052067434571762	44231.79
12400	6160.312022611848	0.5	4.739308787252097	88	1.4142135623730951	0.0	0		0.11286584675599248	0.7203499376292625	7.829075106428696e-11	0.03324353195286364	1.273121783045493	1.0	0.12901616718128528	0.00045030439304789545	0.8052024416065094	44303.95
12500	6210.312022611848	0.5	4.739308787252097	88	1.4142135623730951	0.0	0		0.11286511222283956	0.7203509602759622	7.829234433982723e-11	0.0332436716885314	1.2731364883334673	1.0	0.1290161671903313	0.000450309594322325	0.8051983698635194	44375.77
12600	6260.312022611848	0.5	4.739308787252097	88	1.4142135623730951	0.0	0		0.11286441555466334	0.720351928291755	7.829385266293141e-11	0.03324380396165886	1.2731504088527816	1.0	0.1290161671992211	0.0004503145180233285	0.8051945158966588	44436.25
12700	6310.312022611848	0.5	4.739308787252097	88	1.4142135623730951	0.0	0		0.11286375407029253	0.720352844592702	7.829528056391064e-11	0.03324392917107946	1.2731635865012312	1.0	0.1290161672083428	0.00045031917897019616	0.8051908680387105	44494.99
12800	6360.312022611848	0.5	4.744479884033683	88	1.4142135623730951	0.0	0		0.11286312601246118	0.7203537119467006	7.829663232578689e-11	0.03324404769422936	1.2731760609131533	1.0	0.12901616721697856	0.0004503235911816311	0.8051874152323034	44562.4
12900	6410.312022611848	0.5	4.744479884033683	88	1.4142135623730951	0.0	0		0.11286253025336959	0.720354532971253	7.829791200613817e-11	0.033244159888447186	1.2731878696247674	1.0	0.12901616722515566	0.00045032776793423	0.8051841470269004	44631.33
13000	6460.312022611848	0.5	4.744479884033683	88	1.4142135623730951	0.0	0		0.11286196524474455	0.7203553101478551	7.829912344828837e-11	0.03324426609216917	1.273199048181143	1.0	0.12901616723368853	0.000450331721800318	0.8051810535501324	44700.16
13100	6510.312022611848	0.5	4.744479884033683	88	1.4142135623730951	0.0	0		0.11286142871303634	0.7203560458143463	7.830027029042552e-11	0.033244366625253985	1.2732096302064597	1.0	0.12901616724203957	0.0004503354646727996	0.8051781254337272	44767.49
